1650
1 1 2
2 2 3
3 3 4
4 4 5
5 5 6
6 6 7
7 7 8
8 8 9
9 9 10
10 10 11
11 11 12
12 12 13
13 13 14
14 14 15
15 15 16
16 16 17
17 17 18
18 18 19
19 19 20
20 20 21
21 21 22
22 22 23
23 23 24
24 24 25
25 25 26
26 26 27
27 27 28
28 28 29
29 29 30
30 30 31
31 31 32
32 32 33
33 33 34
34 34 35
35 35 36
36 36 37
37 37 38
38 38 39
39 39 40
40 40 41
41 41 42
42 42 43
43 43 44
44 44 45
45 45 46
46 46 47
47 47 48
48 48 49
49 49 50
50 50 51
51 21 53
52 53 28
53 4 54
54 54 24
55 9 55
56 55 25
57 6 56
58 56 23
59 7 57
60 57 9
61 5 58
62 58 13
63 9 59
64 59 35
65 35 60
66 60 33
67 33 61
68 61 17
69 45 62
70 62 40
71 13 63
72 63 8
73 7 64
74 64 16
75 28 65
76 65 40
77 51 66
78 66 35
79 7 67
80 67 50
81 27 68
82 68 17
83 37 69
84 69 66
85 1 70
86 70 41
87 41 71
88 71 18
89 15 72
90 72 22
91 43 73
92 73 6
93 8 74
94 74 43
95 30 75
96 75 28
97 22 76
98 76 13
99 28 77
100 77 50
101 66 78
102 78 20
103 25 79
104 79 67
105 32 80
106 80 46
107 48 81
108 81 38
109 1 82
110 82 29
111 5 83
112 83 38
113 23 84
114 84 25
115 4 85
116 85 25
117 26 86
118 86 54
119 33 87
120 87 80
121 59 88
122 88 7
123 39 89
124 89 75
125 45 90
126 90 74
127 5 91
128 91 3
129 33 92
130 92 59
131 51 93
132 93 83
133 33 94
134 94 67
135 75 95
136 95 45
137 7 96
138 96 74
139 13 97
140 97 20
141 58 98
142 98 5
143 38 99
144 99 6
145 53 100
146 100 22
147 91 101
148 101 49
149 100 102
150 102 54
151 31 27
152 30 39
153 36 29
154 16 53
155 4 30
156 44 1
157 7 3
158 13 4
159 36 53
160 6 47
161 3 44
162 31 33
163 6 28
164 10 1
165 10 31
166 3 18
167 7 50
168 42 13
169 15 4
170 24 52
171 26 52
172 35 14
173 4 3
174 26 16
175 49 19
176 29 44
177 18 16
178 49 3
179 10 46
180 11 38
181 44 28
182 26 53
183 3 13
184 21 34
185 13 26
186 52 46
187 13 12
188 45 19
189 21 51
190 5 21
191 28 32
192 18 35
193 54 35
194 34 19
195 35 4
196 31 13
197 44 18
198 16 28
199 19 22
200 20 48
201 32 42
202 47 32
203 21 20
204 22 19
205 4 38
206 5 19
207 28 38
208 27 19
209 2 47
210 38 30
211 26 8
212 19 36
213 10 2
214 26 50
215 1 25
216 39 2
217 17 50
218 8 12
219 49 21
220 20 11
221 8 18
222 25 11
223 47 38
224 2 50
225 24 52
226 9 33
227 37 6
228 26 52
229 51 32
230 2 11
231 4 21
232 24 2
233 22 52
234 43 39
235 43 16
236 37 51
237 32 45
238 11 49
239 33 30
240 51 21
241 12 51
242 1 29
243 14 51
244 53 7
245 4 2
246 52 19
247 27 11
248 30 50
249 48 48
250 45 5
251 4 4
252 21 29
253 22 12
254 18 28
255 39 16
256 13 38
257 21 43
258 12 19
259 12 35
260 47 10
261 31 20
262 15 21
263 16 47
264 2 38
265 39 36
266 12 18
267 38 39
268 25 1
269 32 26
270 44 53
271 11 50
272 49 49
273 49 28
274 44 2
275 30 13
276 7 5
277 24 30
278 52 16
279 25 23
280 48 18
281 51 18
282 54 25
283 39 13
284 49 21
285 8 33
286 37 17
287 4 22
288 51 53
289 45 6
290 42 33
291 14 38
292 42 48
293 38 34
294 1 4
295 1 46
296 6 46
297 29 47
298 8 25
299 7 34
300 39 33
301 5 33
302 51 29
303 17 42
304 20 51
305 6 32
306 6 2
307 18 2
308 42 30
309 18 31
310 24 39
311 51 9
312 39 13
313 28 15
314 37 18
315 48 49
316 50 39
317 22 27
318 30 34
319 50 1
320 9 41
321 41 51
322 45 19
323 43 13
324 9 6
325 18 21
326 14 14
327 13 18
328 38 27
329 47 31
330 31 5
331 2 3
332 27 38
333 6 14
334 30 32
335 49 7
336 18 25
337 43 9
338 50 29
339 34 18
340 50 29
341 39 5
342 24 36
343 50 21
344 3 35
345 32 40
346 46 38
347 30 4
348 24 31
349 9 48
350 50 24
351 15 7
352 47 2
353 11 15
354 21 32
355 45 16
356 3 45
357 25 35
358 54 51
359 52 18
360 42 36
361 37 42
362 27 11
363 24 53
364 42 16
365 33 21
366 36 9
367 1 54
368 43 27
369 54 13
370 12 29
371 22 7
372 31 54
373 32 5
374 50 5
375 21 7
376 48 30
377 8 37
378 29 32
379 39 40
380 25 49
381 23 42
382 43 41
383 7 40
384 4 45
385 8 5
386 24 19
387 20 45
388 25 2
389 5 23
390 13 7
391 10 44
392 20 17
393 54 26
394 51 45
395 19 21
396 29 21
397 33 2
398 15 12
399 33 19
400 40 1
401 37 45
402 2 2
403 38 23
404 39 52
405 53 33
406 50 2
407 20 19
408 12 52
409 12 8
410 39 52
411 20 50
412 54 41
413 10 9
414 8 30
415 25 45
416 43 6
417 32 23
418 54 32
419 22 48
420 19 41
421 12 37
422 53 44
423 50 43
424 24 25
425 44 37
426 47 52
427 42 17
428 44 53
429 6 9
430 22 42
431 38 11
432 11 3
433 48 49
434 18 2
435 26 12
436 20 23
437 46 34
438 22 25
439 46 5
440 3 46
441 43 5
442 21 45
443 29 32
444 1 5
445 24 3
446 1 47
447 17 24
448 54 48
449 29 14
450 2 19
451 51 23
452 41 53
453 46 24
454 12 54
455 8 15
456 2 7
457 7 20
458 16 31
459 37 40
460 32 4
461 7 44
462 1 45
463 17 30
464 9 32
465 31 26
466 7 29
467 42 28
468 28 21
469 13 7
470 22 22
471 44 18
472 21 14
473 46 29
474 31 11
475 11 41
476 29 51
477 10 24
478 21 37
479 36 30
480 38 9
481 53 31
482 32 32
483 53 25
484 35 37
485 53 38
486 52 37
487 47 14
488 6 15
489 52 31
490 12 38
491 5 35
492 46 36
493 34 51
494 7 22
495 22 23
496 34 33
497 42 30
498 24 29
499 30 17
500 9 47
501 6 8
502 48 45
503 16 3
504 12 9
505 23 27
506 13 4
507 20 23
508 30 15
509 24 18
510 13 54
511 28 9
512 49 51
513 50 22
514 35 18
515 28 1
516 3 49
517 34 25
518 11 47
519 5 40
520 38 50
521 15 15
522 35 18
523 54 4
524 34 41
525 34 32
526 40 25
527 54 42
528 31 8
529 25 7
530 13 1
531 46 32
532 17 45
533 27 36
534 48 42
535 14 16
536 30 31
537 27 51
538 23 24
539 1 32
540 4 6
541 11 39
542 33 43
543 47 15
544 34 12
545 20 39
546 11 32
547 30 3
548 51 34
549 41 40
550 51 30
551 44 39
552 42 5
553 5 26
554 31 24
555 23 54
556 49 19
557 8 39
558 46 1
559 6 34
560 2 9
561 35 11
562 29 1
563 34 21
564 52 16
565 20 37
566 20 11
567 40 1
568 21 26
569 3 48
570 5 17
571 10 14
572 5 25
573 25 33
574 26 6
575 39 47
576 45 54
577 17 30
578 14 18
579 5 33
580 18 46
581 21 27
582 10 40
583 2 11
584 20 40
585 22 10
586 54 4
587 18 22
588 36 24
589 8 20
590 26 4
591 38 54
592 54 38
593 19 42
594 19 28
595 50 37
596 5 14
597 41 10
598 20 8
599 39 14
600 39 48
601 7 19
602 15 38
603 46 24
604 34 16
605 12 54
606 46 50
607 4 53
608 29 15
609 41 48
610 44 32
611 7 35
612 13 30
613 28 41
614 50 23
615 41 10
616 25 48
617 12 21
618 50 10
619 40 18
620 51 2
621 35 27
622 32 35
623 44 46
624 25 40
625 29 46
626 35 28
627 38 26
628 40 40
629 35 11
630 46 31
631 10 53
632 30 42
633 38 16
634 52 31
635 1 6
636 35 35
637 25 48
638 38 13
639 50 32
640 41 3
641 38 38
642 47 18
643 36 11
644 34 42
645 8 28
646 9 33
647 54 36
648 2 30
649 30 5
650 19 44
651 35 41
652 39 7
653 36 8
654 11 38
655 22 11
656 23 14
657 13 23
658 24 1
659 54 42
660 48 38
661 1 39
662 46 28
663 9 12
664 48 10
665 42 40
666 7 51
667 36 15
668 9 26
669 12 15
670 4 3
671 15 38
672 25 18
673 8 2
674 22 31
675 38 13
676 29 27
677 15 43
678 49 16
679 39 35
680 7 38
681 20 16
682 15 51
683 4 36
684 53 39
685 9 15
686 17 14
687 27 4
688 47 16
689 23 28
690 41 1
691 42 31
692 29 9
693 49 40
694 18 51
695 35 51
696 39 5
697 18 38
698 44 44
699 45 51
700 10 45
701 26 9
702 51 19
703 6 17
704 36 6
705 5 46
706 25 18
707 13 42
708 50 38
709 49 30
710 8 26
711 51 7
712 38 19
713 37 53
714 39 30
715 53 5
716 41 44
717 9 49
718 51 18
719 6 23
720 45 44
721 7 5
722 30 28
723 4 47
724 37 7
725 15 13
726 17 48
727 33 10
728 3 27
729 22 8
730 53 10
731 27 6
732 38 36
733 13 30
734 17 9
735 25 22
736 20 21
737 29 10
738 1 31
739 15 45
740 44 23
741 2 44
742 48 9
743 36 6
744 43 28
745 27 10
746 35 37
747 21 1
748 2 22
749 37 3
750 3 48
751 11 15
752 16 46
753 17 9
754 46 28
755 46 36
756 18 32
757 9 14
758 44 17
759 5 50
760 48 22
761 53 6
762 36 3
763 36 42
764 39 1
765 27 24
766 9 26
767 17 1
768 32 10
769 26 1
770 4 18
771 44 20
772 12 35
773 36 31
774 7 19
775 48 32
776 20 9
777 44 48
778 4 17
779 16 23
780 43 27
781 37 37
782 36 51
783 43 35
784 14 20
785 1 40
786 36 1
787 8 52
788 26 31
789 29 42
790 43 14
791 3 8
792 12 44
793 2 30
794 46 23
795 17 52
796 14 46
797 14 45
798 29 16
799 36 7
800 16 25
801 50 18
802 34 31
803 46 23
804 6 20
805 43 46
806 47 2
807 33 31
808 25 17
809 35 5
810 54 23
811 39 19
812 4 5
813 10 45
814 42 27
815 49 27
816 39 22
817 11 44
818 52 1
819 50 41
820 7 2
821 23 43
822 16 37
823 29 48
824 3 38
825 33 27
826 28 17
827 26 34
828 15 11
829 27 39
830 22 32
831 28 40
832 27 13
833 47 9
834 37 17
835 21 52
836 28 31
837 23 33
838 6 12
839 45 3
840 2 53
841 52 43
842 23 3
843 34 42
844 46 10
845 11 25
846 21 31
847 27 46
848 36 51
849 48 21
850 41 27
851 12 3
852 15 54
853 44 16
854 15 34
855 28 6
856 21 6
857 37 52
858 38 37
859 8 43
860 43 2
861 14 6
862 41 22
863 47 46
864 12 28
865 16 27
866 12 31
867 23 1
868 22 16
869 30 47
870 45 49
871 30 2
872 7 7
873 42 54
874 19 10
875 2 37
876 6 42
877 38 33
878 28 7
879 33 38
880 7 52
881 5 25
882 4 27
883 54 46
884 50 25
885 37 17
886 42 3
887 53 46
888 12 1
889 13 49
890 20 30
891 17 25
892 44 20
893 28 54
894 34 39
895 39 24
896 23 16
897 13 17
898 15 17
899 52 30
900 43 28
901 10 34
902 4 5
903 43 28
904 38 42
905 5 38
906 42 43
907 51 6
908 48 47
909 38 13
910 7 10
911 11 4
912 5 27
913 42 2
914 47 54
915 16 8
916 4 23
917 4 45
918 41 54
919 52 4
920 30 23
921 17 19
922 30 50
923 52 34
924 18 12
925 15 21
926 54 29
927 4 30
928 7 31
929 37 35
930 45 31
931 54 32
932 38 12
933 17 49
934 44 42
935 28 27
936 43 51
937 49 48
938 38 50
939 20 2
940 9 25
941 12 21
942 13 40
943 16 50
944 30 28
945 53 6
946 9 54
947 4 51
948 38 49
949 51 46
950 14 24
951 24 44
952 22 18
953 48 17
954 13 43
955 7 17
956 19 30
957 29 15
958 47 45
959 49 9
960 18 19
961 34 25
962 48 17
963 29 8
964 5 24
965 51 36
966 3 52
967 40 54
968 20 32
969 12 32
970 7 30
971 15 24
972 50 30
973 12 1
974 46 44
975 49 15
976 27 3
977 36 38
978 53 27
979 20 12
980 46 47
981 18 19
982 13 20
983 22 2
984 40 40
985 51 41
986 22 9
987 43 26
988 47 22
989 15 36
990 12 35
991 14 15
992 3 34
993 4 43
994 24 30
995 31 10
996 54 9
997 5 50
998 43 35
999 25 53
1000 25 40
1001 3 43
1002 3 36
1003 37 20
1004 11 7
1005 39 9
1006 53 20
1007 54 8
1008 52 5
1009 47 42
1010 15 27
1011 8 1
1012 27 18
1013 11 20
1014 40 44
1015 48 42
1016 31 34
1017 28 38
1018 5 2
1019 52 8
1020 49 40
1021 29 29
1022 5 52
1023 6 48
1024 14 22
1025 1 34
1026 27 17
1027 6 40
1028 21 20
1029 39 37
1030 2 45
1031 37 25
1032 2 22
1033 20 27
1034 27 16
1035 32 43
1036 53 12
1037 40 43
1038 32 23
1039 33 27
1040 50 33
1041 30 19
1042 4 54
1043 24 17
1044 35 16
1045 32 48
1046 39 40
1047 47 1
1048 49 2
1049 32 9
1050 14 23
1051 33 17
1052 23 32
1053 16 50
1054 25 42
1055 25 53
1056 52 37
1057 25 51
1058 3 30
1059 8 42
1060 16 5
1061 46 52
1062 42 28
1063 22 24
1064 7 30
1065 10 38
1066 23 23
1067 1 39
1068 13 44
1069 13 51
1070 38 54
1071 38 19
1072 21 35
1073 40 23
1074 21 54
1075 12 6
1076 16 41
1077 26 49
1078 12 10
1079 18 40
1080 40 51
1081 9 6
1082 51 16
1083 42 53
1084 24 50
1085 30 44
1086 17 5
1087 17 32
1088 10 25
1089 22 42
1090 5 17
1091 37 18
1092 37 17
1093 26 39
1094 1 38
1095 34 50
1096 39 11
1097 27 22
1098 46 2
1099 50 7
1100 1 49
1101 13 31
1102 17 3
1103 16 39
1104 19 9
1105 24 54
1106 10 27
1107 28 22
1108 24 40
1109 46 22
1110 11 6
1111 17 53
1112 4 19
1113 12 31
1114 7 36
1115 24 8
1116 52 42
1117 17 11
1118 37 48
1119 36 38
1120 48 40
1121 46 5
1122 35 30
1123 39 20
1124 31 2
1125 33 53
1126 41 21
1127 19 49
1128 43 20
1129 17 33
1130 42 9
1131 18 3
1132 16 27
1133 40 39
1134 23 33
1135 22 31
1136 43 11
1137 34 4
1138 27 26
1139 16 11
1140 5 11
1141 40 23
1142 38 30
1143 42 38
1144 49 14
1145 43 28
1146 43 29
1147 33 45
1148 53 6
1149 30 5
1150 30 11
1151 28 17
1152 5 29
1153 43 50
1154 38 16
1155 14 49
1156 53 13
1157 13 40
1158 54 31
1159 32 21
1160 21 1
1161 35 16
1162 11 42
1163 13 26
1164 3 32
1165 41 19
1166 3 36
1167 54 50
1168 41 39
1169 18 35
1170 16 53
1171 32 27
1172 13 9
1173 6 51
1174 37 26
1175 41 51
1176 13 36
1177 47 52
1178 53 49
1179 14 54
1180 27 52
1181 17 26
1182 50 1
1183 47 23
1184 43 44
1185 13 14
1186 14 30
1187 16 52
1188 47 52
1189 20 54
1190 40 14
1191 17 20
1192 25 9
1193 25 27
1194 7 49
1195 36 21
1196 18 10
1197 14 27
1198 9 13
1199 5 42
1200 12 41
1201 28 39
1202 32 53
1203 20 16
1204 48 34
1205 54 51
1206 10 50
1207 13 36
1208 4 30
1209 23 50
1210 35 42
1211 23 36
1212 29 16
1213 31 20
1214 42 18
1215 38 1
1216 1 32
1217 10 4
1218 17 16
1219 45 27
1220 15 10
1221 54 42
1222 53 24
1223 29 46
1224 3 45
1225 42 11
1226 30 29
1227 31 44
1228 6 15
1229 14 7
1230 42 16
1231 38 8
1232 10 16
1233 12 16
1234 22 26
1235 36 32
1236 2 32
1237 20 25
1238 9 46
1239 11 49
1240 22 52
1241 27 20
1242 45 8
1243 5 45
1244 3 8
1245 18 41
1246 8 7
1247 3 7
1248 39 47
1249 34 22
1250 47 29
1251 47 30
1252 9 48
1253 7 2
1254 39 7
1255 14 45
1256 7 53
1257 32 22
1258 26 35
1259 53 40
1260 20 47
1261 42 15
1262 48 46
1263 43 54
1264 35 17
1265 22 21
1266 38 26
1267 24 21
1268 37 4
1269 14 26
1270 36 16
1271 37 34
1272 13 47
1273 4 17
1274 28 2
1275 14 27
1276 4 26
1277 32 35
1278 1 24
1279 49 40
1280 50 35
1281 31 13
1282 49 16
1283 22 5
1284 30 6
1285 41 43
1286 52 17
1287 26 17
1288 39 34
1289 49 6
1290 49 15
1291 49 8
1292 8 52
1293 42 49
1294 28 49
1295 22 19
1296 32 46
1297 6 52
1298 27 53
1299 40 37
1300 44 2
1301 35 54
1302 35 12
1303 36 47
1304 31 15
1305 7 42
1306 37 22
1307 50 36
1308 32 17
1309 19 2
1310 21 14
1311 14 46
1312 35 50
1313 1 30
1314 25 29
1315 24 8
1316 25 45
1317 48 3
1318 38 54
1319 11 16
1320 43 43
1321 40 17
1322 45 22
1323 17 4
1324 23 30
1325 15 3
1326 34 26
1327 27 12
1328 3 47
1329 16 2
1330 44 53
1331 28 26
1332 25 27
1333 28 54
1334 7 36
1335 7 32
1336 22 10
1337 38 39
1338 20 15
1339 4 19
1340 33 36
1341 32 50
1342 13 31
1343 6 25
1344 46 38
1345 52 21
1346 28 16
1347 53 37
1348 46 3
1349 28 45
1350 51 10
1351 23 42
1352 21 24
1353 3 1
1354 15 1
1355 12 27
1356 10 35
1357 16 37
1358 13 29
1359 5 31
1360 1 22
1361 53 33
1362 33 26
1363 44 42
1364 33 25
1365 49 28
1366 7 32
1367 6 45
1368 40 32
1369 42 9
1370 29 35
1371 40 28
1372 7 27
1373 19 17
1374 33 20
1375 25 30
1376 30 53
1377 22 38
1378 4 29
1379 1 39
1380 41 41
1381 35 5
1382 37 47
1383 8 41
1384 25 32
1385 47 12
1386 11 8
1387 34 22
1388 25 13
1389 43 45
1390 19 5
1391 11 23
1392 26 23
1393 10 37
1394 49 26
1395 32 30
1396 14 50
1397 42 29
1398 33 2
1399 31 31
1400 31 26
1401 18 7
1402 12 28
1403 49 10
1404 9 46
1405 33 11
1406 26 37
1407 17 9
1408 41 41
1409 19 29
1410 7 15
1411 30 15
1412 8 53
1413 15 46
1414 50 3
1415 21 13
1416 3 14
1417 10 49
1418 34 42
1419 30 45
1420 13 18
1421 43 25
1422 52 8
1423 43 43
1424 23 52
1425 47 14
1426 39 53
1427 48 46
1428 22 49
1429 9 3
1430 33 52
1431 30 43
1432 49 48
1433 22 31
1434 22 48
1435 31 19
1436 37 37
1437 20 32
1438 45 27
1439 36 15
1440 26 2
1441 42 47
1442 37 29
1443 32 17
1444 2 38
1445 22 6
1446 36 40
1447 6 12
1448 7 22
1449 54 6
1450 30 48
1451 52 41
1452 27 50
1453 17 33
1454 5 39
1455 48 35
1456 48 54
1457 4 18
1458 1 52
1459 36 35
1460 3 20
1461 2 3
1462 5 22
1463 2 29
1464 40 43
1465 53 29
1466 4 41
1467 39 1
1468 38 2
1469 34 26
1470 38 44
1471 28 48
1472 37 44
1473 39 37
1474 40 15
1475 7 47
1476 24 49
1477 3 48
1478 49 50
1479 18 38
1480 39 3
1481 18 44
1482 53 28
1483 47 9
1484 15 1
1485 17 13
1486 38 42
1487 27 54
1488 46 28
1489 41 49
1490 44 25
1491 52 51
1492 11 18
1493 23 31
1494 5 18
1495 54 41
1496 4 11
1497 2 53
1498 14 8
1499 21 11
1500 12 47
1501 20 47
1502 4 34
1503 46 54
1504 21 5
1505 9 1
1506 15 29
1507 9 49
1508 18 34
1509 10 8
1510 35 33
1511 3 37
1512 44 12
1513 8 1
1514 49 35
1515 15 5
1516 30 33
1517 44 21
1518 44 18
1519 32 46
1520 17 30
1521 52 53
1522 7 25
1523 40 40
1524 46 43
1525 16 32
1526 31 42
1527 26 27
1528 49 6
1529 33 50
1530 50 1
1531 30 47
1532 13 12
1533 34 41
1534 51 50
1535 38 32
1536 33 47
1537 6 45
1538 18 15
1539 38 25
1540 40 46
1541 44 49
1542 48 44
1543 15 9
1544 21 47
1545 25 39
1546 18 14
1547 11 28
1548 17 38
1549 45 1
1550 23 22
1551 11 12
1552 15 4
1553 35 31
1554 50 52
1555 2 2
1556 54 42
1557 37 6
1558 31 38
1559 25 39
1560 13 28
1561 37 21
1562 6 21
1563 12 2
1564 41 3
1565 21 8
1566 16 40
1567 3 38
1568 17 9
1569 30 9
1570 48 28
1571 40 27
1572 34 30
1573 51 9
1574 34 27
1575 54 8
1576 26 1
1577 15 50
1578 14 21
1579 33 23
1580 32 16
1581 18 9
1582 30 52
1583 16 4
1584 39 6
1585 46 35
1586 12 52
1587 44 45
1588 35 13
1589 31 6
1590 3 8
1591 50 25
1592 4 22
1593 14 18
1594 43 14
1595 20 38
1596 43 22
1597 35 2
1598 9 3
1599 49 17
1600 28 51
1601 27 54
1602 51 15
1603 15 2
1604 1 42
1605 31 51
1606 47 37
1607 12 35
1608 3 37
1609 32 34
1610 37 54
1611 28 46
1612 19 21
1613 18 43
1614 9 1
1615 48 23
1616 37 35
1617 29 12
1618 2 25
1619 6 7
1620 43 11
1621 51 34
1622 3 4
1623 49 37
1624 22 44
1625 17 42
1626 52 34
1627 2 47
1628 17 13
1629 22 23
1630 29 47
1631 14 23
1632 12 12
1633 51 17
1634 27 28
1635 17 5
1636 50 27
1637 38 11
1638 33 20
1639 52 34
1640 8 45
1641 22 44
1642 33 7
1643 50 42
1644 34 53
1645 46 51
1646 15 31
1647 54 16
1648 8 36
1649 39 16
1650 18 25