101
59 9 18
72 14 5
24 20 10
19 9 18
16 16 13
45 18 10
4 4 5
58 7 3
85 4 14
63 19 15
22 19 14
13 4 15
18 17 7
67 4 2
37 21 27
21 1 19
27 15 22
33 2 25
70 4 11
97 6 17
95 14 7
100 9 21
29 20 23
41 4 20
79 18 18
32 24 16
76 9 11
47 17 20
49 12 3
48 15 19
8 8 9
52 8 15
68 11 9
86 15 9
80 9 1
54 12 21
88 9 15
62 11 2
96 13 4
83 3 17
3 3 4
11 11 12
35 17 26
77 4 1
25 3 21
71 3 15
23 11 20
57 20 20
7 7 8
53 21 15
34 25 8
38 27 21
84 11 11
73 12 7
14 15 7
36 26 20
93 4 18
55 2 16
39 20 4
61 2 12
42 8 3
31 21 24
78 12 6
89 1 1
99 20 19
20 18 12
5 5 6
60 18 3
56 17 4
12 12 13
74 4 10
90 19 5
81 17 19
82 4 14
9 9 10
44 3 2
87 1 1
50 10 20
17 5 17
30 23 14
65 6 7
26 21 17
98 7 2
94 11 18
92 18 7
91 6 7
51 3 15
2 2 3
28 22 7
43 7 14
15 1 16
40 18 10
46 7 5
1 1 2
69 3 21
75 9 8
64 3 6
6 6 7
66 19 13
10 10 11