409
1 1 2
2 2 3
3 3 4
4 4 5
5 5 6
6 6 7
7 7 8
8 8 9
9 9 10
10 10 11
11 11 12
12 12 13
13 13 14
14 14 15
15 15 16
16 16 17
17 17 18
18 18 19
19 19 20
20 20 21
21 21 22
22 22 23
23 23 24
24 24 25
25 25 26
26 15 28
27 28 7
28 17 29
29 29 12
30 16 30
31 30 14
32 13 31
33 31 14
34 1 32
35 32 27
36 19 33
37 33 6
38 21 34
39 34 26
40 21 35
41 35 22
42 23 36
43 36 3
44 16 37
45 37 17
46 29 38
47 38 3
48 21 39
49 39 27
50 10 40
51 40 24
52 36 41
53 41 1
54 31 42
55 42 3
56 41 43
57 43 19
58 22 44
59 44 10
60 32 45
61 45 26
62 12 46
63 46 23
64 30 47
65 47 26
66 10 48
67 48 33
68 33 49
69 49 45
70 4 50
71 50 8
72 16 51
73 51 41
74 5 52
75 52 38
76 26 41
77 48 40
78 37 50
79 45 7
80 47 49
81 31 6
82 31 41
83 19 30
84 37 7
85 43 46
86 38 2
87 14 46
88 33 4
89 19 46
90 45 20
91 19 40
92 22 28
93 48 45
94 38 33
95 20 2
96 42 15
97 18 29
98 7 28
99 4 17
100 31 3
101 15 35
102 37 44
103 11 25
104 25 30
105 28 3
106 17 17
107 26 12
108 12 33
109 43 18
110 34 34
111 38 15
112 31 50
113 48 19
114 26 34
115 34 23
116 18 18
117 32 43
118 30 4
119 1 23
120 10 24
121 30 28
122 33 32
123 28 2
124 46 7
125 31 11
126 24 4
127 1 47
128 13 3
129 22 29
130 39 9
131 7 47
132 48 1
133 42 20
134 16 34
135 36 39
136 39 37
137 26 22
138 43 16
139 23 10
140 24 50
141 13 22
142 7 43
143 7 48
144 39 26
145 40 7
146 45 3
147 25 40
148 23 3
149 45 16
150 46 32
151 14 24
152 12 19
153 16 34
154 46 19
155 12 38
156 45 11
157 39 2
158 34 1
159 7 18
160 9 17
161 2 4
162 46 15
163 36 2
164 41 24
165 43 30
166 20 49
167 36 29
168 29 20
169 49 16
170 43 41
171 45 34
172 11 41
173 8 50
174 4 27
175 1 6
176 23 27
177 7 20
178 40 46
179 40 33
180 3 14
181 34 13
182 37 35
183 1 1
184 40 39
185 27 16
186 34 31
187 21 49
188 20 40
189 22 17
190 19 22
191 38 14
192 30 6
193 7 4
194 27 46
195 39 32
196 9 22
197 20 14
198 48 39
199 11 43
200 44 27
201 48 35
202 19 40
203 42 33
204 22 8
205 29 4
206 27 36
207 19 39
208 31 3
209 50 8
210 9 14
211 31 50
212 9 49
213 48 35
214 4 12
215 14 3
216 42 34
217 12 23
218 48 18
219 6 35
220 19 45
221 29 8
222 29 18
223 44 34
224 26 19
225 36 30
226 34 1
227 17 37
228 2 45
229 21 24
230 2 4
231 11 32
232 34 9
233 21 29
234 20 15
235 13 6
236 9 50
237 24 32
238 24 20
239 13 48
240 15 4
241 17 20
242 4 7
243 46 43
244 39 9
245 37 32
246 45 15
247 1 30
248 19 4
249 23 4
250 36 30
251 15 46
252 43 24
253 12 24
254 14 40
255 25 30
256 47 8
257 41 30
258 16 32
259 20 17
260 20 43
261 47 9
262 31 44
263 35 47
264 48 17
265 19 48
266 45 14
267 10 5
268 20 17
269 44 35
270 47 29
271 31 31
272 23 30
273 9 8
274 23 26
275 37 10
276 44 45
277 1 4
278 11 43
279 13 32
280 21 48
281 9 11
282 49 17
283 49 33
284 42 28
285 20 15
286 24 36
287 31 50
288 43 21
289 20 5
290 23 38
291 48 22
292 13 16
293 49 18
294 35 10
295 35 36
296 38 49
297 43 42
298 46 39
299 32 29
300 7 8
301 39 14
302 44 13
303 25 39
304 7 31
305 26 21
306 17 19
307 2 3
308 25 5
309 40 1
310 2 45
311 1 9
312 49 18
313 20 42
314 37 29
315 8 44
316 16 7
317 2 31
318 9 8
319 13 46
320 14 10
321 25 6
322 5 19
323 1 2
324 31 14
325 25 3
326 14 50
327 10 50
328 3 6
329 41 11
330 22 38
331 29 28
332 19 25
333 9 17
334 17 21
335 44 22
336 15 7
337 18 9
338 37 37
339 43 20
340 30 41
341 4 24
342 19 23
343 13 11
344 1 13
345 6 49
346 50 16
347 43 30
348 15 11
349 10 22
350 19 4
351 19 17
352 10 23
353 5 31
354 12 24
355 29 7
356 23 37
357 27 13
358 18 15
359 10 40
360 43 39
361 14 5
362 22 13
363 1 1
364 5 17
365 5 46
366 15 5
367 37 30
368 49 8
369 35 22
370 31 30
371 8 13
372 11 1
373 43 21
374 10 26
375 1 37
376 28 33
377 17 30
378 38 28
379 2 41
380 39 41
381 43 38
382 4 25
383 50 12
384 31 12
385 9 31
386 44 5
387 32 37
388 41 35
389 3 47
390 46 5
391 35 4
392 7 46
393 13 24
394 48 12
395 47 50
396 17 33
397 25 49
398 37 14
399 6 13
400 7 34
401 27 9
402 1 49
403 49 30
404 16 37
405 7 43
406 26 3
407 13 39
408 30 28
409 2 37
