409
269 20 22
265 13 7
92 9 7
253 19 14
372 7 7
172 3 25
95 4 8
358 9 19
320 4 31
8 8 9
93 29 10
111 7 20
87 4 9
286 27 6
100 32 20
64 41 47
52 36 41
63 46 14
264 5 19
83 3 25
324 18 23
81 7 16
124 16 34
171 5 27
322 5 7
116 18 34
173 35 14
402 10 17
219 21 22
191 8 13
85 16 35
336 13 28
18 18 19
7 7 8
364 12 14
102 29 19
366 25 22
260 30 29
151 32 4
345 16 4
198 22 32
213 25 28
69 49 23
144 35 17
170 4 35
281 15 29
47 38 34
132 18 8
254 8 33
56 9 43
59 44 6
293 16 8
30 11 30
384 14 28
209 25 18
241 21 18
244 30 20
256 28 33
194 6 16
380 5 8
334 15 22
154 13 10
225 34 20
25 25 26
103 17 23
71 50 42
403 12 19
301 27 25
300 33 29
61 45 18
168 12 27
215 26 33
141 28 11
114 13 2
31 30 15
197 17 5
242 12 28
149 3 14
148 30 13
128 8 3
159 25 29
201 30 15
383 34 5
32 15 31
346 2 23
104 10 3
119 9 33
235 29 35
53 41 5
312 4 26
67 48 34
273 34 1
26 3 28
391 25 16
2 2 3
14 14 15
164 21 13
125 27 3
46 14 38
239 12 26
117 35 33
303 15 29
72 12 51
270 11 4
133 13 8
211 35 22
97 16 19
289 26 21
169 30 28
156 6 9
80 7 2
378 32 33
126 1 33
115 20 15
228 9 7
118 13 15
70 40 50
288 25 23
296 15 5
263 2 27
367 18 32
55 42 11
365 23 13
237 31 2
407 8 16
180 24 9
96 29 30
330 6 11
178 30 15
108 24 5
285 34 26
29 29 18
78 35 22
51 40 7
368 35 9
356 21 28
199 26 15
389 32 29
311 26 16
54 13 42
192 18 35
188 14 1
179 1 14
248 20 20
316 8 6
274 12 26
297 31 12
405 22 35
354 31 31
329 31 35
88 16 30
247 32 22
397 12 33
163 21 21
399 28 8
207 20 33
183 3 27
406 34 28
137 12 23
361 14 4
107 15 19
376 23 32
145 16 35
404 19 21
142 4 5
193 30 11
38 21 34
275 15 21
42 29 36
266 16 24
284 1 13
15 15 16
357 21 5
212 1 24
394 32 32
17 17 18
129 3 10
41 35 12
19 19 20
377 25 35
24 24 25
362 10 30
216 19 8
236 18 10
349 13 31
57 43 30
76 8 4
230 19 2
374 28 14
21 21 22
385 5 14
342 4 19
75 52 35
122 35 16
33 31 5
12 12 13
99 22 5
217 15 20
110 11 22
309 32 5
13 13 14
310 33 6
278 9 10
363 8 15
224 15 25
259 27 19
20 20 21
189 5 9
382 15 32
277 12 7
353 17 22
408 6 27
206 7 22
341 35 21
49 39 35
40 25 35
79 15 27
392 8 32
157 7 15
62 10 46
162 33 10
214 14 2
252 11 3
200 4 30
255 28 33
77 32 24
315 23 33
298 20 8
268 17 28
50 3 40
58 38 44
400 6 8
60 36 45
146 13 35
387 23 17
28 10 29
139 1 32
375 20 10
153 15 10
294 32 28
223 10 14
158 20 7
251 16 8
121 23 31
272 20 13
205 24 34
325 27 33
23 23 24
185 23 6
167 29 35
101 1 18
44 19 37
135 14 3
335 25 5
409 16 14
319 14 19
246 3 32
292 32 35
220 3 11
279 20 28
262 34 23
240 15 14
86 24 19
165 6 15
218 21 14
181 23 12
3 3 4
120 17 7
155 14 32
204 2 8
152 35 1
350 14 6
160 4 28
48 15 39
36 29 33
150 19 28
210 30 13
351 15 21
106 13 13
318 29 33
140 22 24
381 11 25
131 30 22
267 15 12
396 11 32
317 32 19
321 13 13
6 6 7
339 31 20
113 3 17
74 16 52
261 22 1
202 25 2
328 7 8
229 11 12
250 16 25
352 35 21
326 12 15
333 16 10
313 24 26
283 28 12
90 4 6
258 5 12
182 8 24
190 22 33
176 22 34
68 1 49
143 17 30
221 21 20
370 11 19
161 7 19
314 24 29
360 16 29
166 7 11
373 20 19
184 1 13
84 24 2
347 35 2
5 5 6
338 29 4
323 25 1
234 29 22
343 14 22
82 31 22
271 23 1
304 8 29
371 13 11
308 1 31
27 28 13
138 35 15
291 17 19
243 16 13
226 32 5
238 18 22
390 24 6
306 29 6
11 11 12
359 28 1
388 6 16
89 14 35
16 16 17
123 2 28
386 4 3
22 22 23
45 37 32
94 34 7
245 10 26
34 13 32
355 15 35
43 36 3
130 7 21
227 19 2
222 6 7
332 31 13
398 19 4
174 14 4
127 23 27
91 7 7
287 30 35
327 13 4
280 3 14
35 32 3
136 2 6
249 24 16
290 31 1
1 1 2
208 27 33
37 33 31
302 22 4
369 4 20
196 6 1
348 33 15
282 29 18
231 5 12
344 22 21
177 12 35
4 4 5
379 29 23
337 9 20
186 8 21
187 9 18
134 9 6
39 34 20
105 12 1
232 13 16
10 10 11
276 7 34
233 13 20
395 29 27
175 10 23
147 19 24
295 16 24
331 5 20
257 21 12
98 33 14
203 26 4
112 29 19
66 4 48
401 18 3
65 47 19
393 14 27
9 9 10
299 19 7
195 29 3
340 13 10
305 30 2
73 51 40
307 32 12
109 4 26